$ANSIBLE_VAULT;1.1;AES256
35346530323162623235336337646664373064313661623737343733323637633031316537303132
6164656564616233613132653766646432323163383237340a396132363238666165663364636530
38653866323932353235376431366339656333316133653532613032333539316639306139653165
3732323337356266620a386264376530613162363266343164343130393663323566656664333166
37613638326666333438353534613734666135363362333735383065386135363834636463616264
62383938366636646331656439303839396435383434313830306133666566303834353065633561
63303634626266346134303030373665366466323062653865626635313930343139393736343532
35383633363838333333343431613534303265653262623461303363313439383834303466343631
32333738643730613564376664376133363731626531316366356263633231323230353330653130
62623265383663646236363831653733663263613131313465393938343930316438326537363731
34323361336139393435393531333661663166646466643436306666356666316266353765613436
31666632316233303330383362656239613139383631623665366337656532643664666630356266
61633732353937386131353537613264643930303532383562666130396364636164633464316664
32356231393434616161303837376634303465383866643138343737353533316335393935326566
31353562383863643538653037636635386564626135636338643134363430373939346138613965
36373066303665633839393738313166373737326437323163623537663962323036626339313330
38656639326237383530643335366665666462386562393830343038643434316361326533316431
64636535313761353265383333373132643064663761383261656631346130623966323935313766
35333538363166363832323438656237626466663631356634346234366664633739343235636161
61343165373666353562616565653631643734616261316132643231346338366239656463333631
30636636383436353837343636386464613335643532613965373161653937316565323162346565
30666665323239383731363865613964373362323330666337643536333831663032373865323764
65306137623364366437653065623532323565383435396534376336623665396564393132663738
34323931353538326531663265376566343235636330396332363066333463336333383837336134
30373966353864336661343036353565313134353036363731393565643662373366323739663163
63303663396131303033613164626462356264656632393161653131346361653633626666616436
37656238383136396266383233363564356238336337373761303239653634656237316533326165
62386332616163333031393030343961336337333735373665626439306530376137623161363065
38643765343136666563646664633338313534313062316236656234313464303237623738313464
34343539346234306135373431646538323339356332323865656565663934363331636563393033
36356436313430653032323538366636656531376261366336643164376339393562626439363130
34613534346436653039343732663437393736666236323261323032353162633966343932616532
39343133336435316438393066333462313732636637393436313362353736386465653438656439
64363538336162633434343235663365366662323734346330616239386366363738613634396364
35306331376537613731306665653663333137643962353966626238356265333237613937636636
63396433363966363634613562386639336235636639323138363639326535323836393838643336
30303065373663656231346335393633306435626638626239373033376133633738336536616262
37623530663937303032623261376332613734323365386335663062623930633163366263636439
31323762653066383562613963303234613838306661326537336631363933653262663531326237
37666239663233663430643462653031653331363465353966303066333763386262333263653162
37623736306237656431363435623764383739653335636666376136666337663662346139366634
37623462623063346664663665363165306538383232613765666430376530626464373664353332
37303030363937383436396239363263333937316666383435383532383136306334313262633437
35666339643732383534343365633364356437363563656137336266376638326335353136626464
62326666656538656238656239356130343034626238346436633865376463306362373038396662
32333666393561343233363135376330393233346438373439343839303436636631633464633733
65636564646138393135626137623136313461623663656132613737353562623139383861386335
31636432653364666335653238666136643733646333613864626334306536326139383135333438
31356631376136396465333865616637333365343862616561333637383732646236636164376339
66633730313265643130363563343335343865346339613662336436373365356133316165653861
32643231663066353565303361373664356661613862376230646562663562393935636632356237
37363030306566343132323339316466616464663232643130663463653864313164396534616464
38343766316637633963653839313635646530653964346232643531656439383337653738393665
66313962303530343062343431613533653036356236336231346165666133613833633034613133
65613663346162656233376432616566613436313463623436626437343263383161366264303130
63343863386636386165623664363763396433316636313962623233663530613936326634613637
64313362396231633666656236316635386364636662623437393138343330333961343564393330
3530326135373035663264303363383539343035633734663631
